# GIMP colorrc
# 
# This file holds a list of recently used colors.

(color-history
    (color-rgba 0.078431375324726105 0.090196080505847931 0.14901961386203766 1)
    (color-rgba 0.31764706969261169 0.18431372940540314 0.10588236153125763 1)
    (color-rgba 0.47058826684951782 0.30196079611778259 0.20784315466880798 1)
    (color-rgba 0.66666668653488159 0.43529415130615234 0.30588236451148987 1)
    (color-rgba 0 0 0 1)
    (color-rgba 1 1 1 1)
    (color-rgba 0.24313725490196078 0.24313725490196078 0.24313725490196078 6.9533119654922685e-310)
    (color-rgba 0.24313727021217346 0.24313727021217346 0.24313727021217346 1)
    (color-rgba 0.50196081399917603 0.50196081399917603 0.50196081399917603 1)
    (color-rgba 0.13333334028720856 0.13333334028720856 0.13333334028720856 1)
    (color-rgba 0.79215693473815918 0.17647059261798859 0.17647059261798859 1)
    (color-rgba 0.79341317365269459 0.17713410388525275 0.17713410388525275 1)
    (color-rgba 0.090196078431372548 0.10196078431372549 0.12156862745098039 1)
    (color-rgba 0.074509806931018829 0.090196080505847931 0.12549020349979401 1)
    (color-rgba 0.27058824896812439 0.28627452254295349 0.30588236451148987 1)
    (color-rgba 0.66666668653488159 0.70980393886566162 0.7725490927696228 1)
    (color-rgba 0.13846153846153841 0.13846153846153841 0.13846153846153841 1)
    (color-rgba 0.034615384615384603 0.034615384615384603 0.034615384615384603 1)
    (color-rgba 0.93725496530532837 0.729411780834198 0.20784315466880798 1)
    (color-rgba 0.93725496530532837 0.20784315466880798 0.30980393290519714 1)
    (color-rgba 0.15294118225574493 0.80784320831298828 0.30980393290519714 1)
    (color-rgba 0.15294118225574493 0.41568630933761597 0.80784320831298828 1)
    (color-rgba 0.40784317255020142 0.30588236451148987 0.047058828175067902 1)
    (color-rgba 0.40784317255020142 0.047058828175067902 0.13725490868091583 1)
    (color-rgba 0.047058828175067902 0.40784317255020142 0.19215688109397888 1)
    (color-rgba 0.66520572450805004 0.70835420393559934 0.77307692307692311 1)
    (color-rgba 0.60200357781753133 0.65043291592128805 0.72307692307692306 1)
    (color-rgba 0.47969588550983899 0.52627906976744188 0.59615384615384615 1)
    (color-rgba 0.27191413237924866 0.28622540250447231 0.30769230769230771 1)
    (color-rgba 0.15402504472271913 0.41549194991055477 0.80769230769230771 1)
    (color-rgba 0.15402504472271913 0.80769230769230771 0.30989954589239027 1)
    (color-rgba 0.2095169946332737 0.93846153846153846 0.24876785468556473 1)
    (color-rgba 0.93846153846153846 0.2095169946332737 0.31044777762487985 1)
    (color-rgba 0.93846153846153846 0.73099270675657091 0.2095169946332737 1)
    (color-rgba 0.92307692307692313 0.77033163616347888 0.38640429338103754 1)
    (color-rgba 0.61538461538461542 0.53636438695472688 0.33774597495527731 1)
    (color-rgba 0.40769230769230769 0.30514930507774873 0.047406082289803211 1)
    (color-rgba 0.40769230769230769 0.047406082289803211 0.1388633548919774 1)
    (color-rgba 0.047406082289803211 0.40769230769230769 0.19152057245080512 1)
    (color-rgba 0.047406082289803211 0.23309205999724797 0.40769230769230769 1)
    (color-rgba 0.28078711985688726 0.42151754506674016 0.55384615384615388 1)
    (color-rgba 0.052164579606440054 0.34640401816430461 0.62307692307692308 1)
    (color-rgba 0.5372549295425415 0.69803923368453979 0.28235295414924622 1)
    (color-rgba 0.94509810209274292 0.94117653369903564 0.92156869173049927 1)
    (color-rgba 1 1 1 4.6727800109735196e-310)
    (color-rgba 0 0 0 6.9530520618237054e-310)
    (color-rgba 0.13957066189624329 0.32055979083528274 0.36153846153846159 1)
    (color-rgba 0.29109123434704831 0.40811861841199942 0.43461538461538463 1)
    (color-rgba 0.26808586762075137 0.30029461951286651 0.4884615384615385 1)
    (color-rgba 0.34999999999999998 0.34267441860465114 0.27674418604651158 1)
    (color-rgba 0.20286225402504474 0.26138021191688454 0.31153846153846154 1)
    (color-rgba 0.080232558139534865 0.17992981973303979 0.26538461538461533 1)
    (color-rgba 0.17100178890876566 0.32951561854960792 0.4653846153846154 1)
    (color-rgba 0.20186046511627909 0.47008944543828279 0.69999999999999996 1)
    (color-rgba 0.22139534883720924 0.31422043503725877 0.52307692307692299 1)
    (color-rgba 0.88627457618713379 0.39215689897537231 0.54509806632995605 1)
    (color-rgba 0.91538461538461535 0.24268336314847941 0.44449373881932064 1)
    (color-rgba 0.96923076923076923 0.11720930232558137 0.37281574239713838 1)
    (color-rgba 0.96862751245498657 0.89019614458084106 0.89411771297454834 1)
    (color-rgba 0.84999999999999998 0.090930232558139548 0.17851520572450841 1)
    (color-rgba 0.062745101749897003 0.074509806931018829 0.10196079313755035 1)
    (color-rgba 0.86925795053003529 0.1698085298709836 0.1698085298709836 1)
    (color-rgba 0.10343470483005367 0.12959680366240869 0.18846153846153846 1)
    (color-rgba 0.092307692307692285 0.11479289612216111 0.16538461538461535 1)
    (color-rgba 0.34057245080500886 0.48911903123709932 0.64230769230769225 1)
    (color-rgba 0.14076923076923073 0.41797633136094692 0.70384615384615379 1)
    (color-rgba 0.10679785330948123 0.43102518233108605 0.76538461538461533 1)
    (color-rgba 0.13706828885400316 0.15998218479275428 0.21153846153846156 1)
    (color-rgba 0.10769230769230768 0.13192307231947842 0.18846153846153846 1)
    (color-rgba 0.11043956043956044 0.15461537622242949 0.25769230769230766 1)
    (color-rgba 0.14864599686028257 0.19059065137160214 0.28846153846153844 1)
    (color-rgba 0.86538461538461542 0.17307692307692304 0.71627218934911241 1)
    (color-rgba 0.17307692307692304 0.30621301775147935 0.86538461538461542 1)
    (color-rgba 0.035294119268655777 0.035294119268655777 0.047058828175067902 1)
    (color-rgba 0.6692307692307693 0.089230769230769225 0.2498461538461543 1)
    (color-rgba 0.44230769230769229 0.09478021978021979 0.19101859678782784 1)
    (color-rgba 0.086274512112140669 0.82745105028152466 0.41695327529540438 1)
    (color-rgba 0.82745105028152466 0.086274512112140656 0.086274512112140656 1)
    (color-rgba 0.26666668057441711 0.023529414087533951 0.023529414087533951 1)
    (color-rgba 0.26538461538461533 0.024010989010989008 0.024010989010989008 1)
    (color-rgba 0.82692307692307687 0.086630036630036586 0.086630036630036586 1)
    (color-rgba 0.85098046064376831 0.19215688109397888 0.21960785984992981 1)
    (color-rgba 0.90196078431372551 0.90196078431372551 0.90196078431372551 1)
    (color-rgba 0.94901960784313721 0.94901960784313721 0.94901960784313721 1)
    (color-rgba 0.84999999999999998 0.19023809523809521 0.2206886446886446 1)
    (color-rgba 0.84999999999999998 0.19023809523809521 0.37294139194139242 1)
    (color-rgba 0.38846153846153841 0.096190476190476187 0.17712707805015521 1)
    (color-rgba 0.70769230769230762 0.22241758241758239 0.22241758241758239 1)
    (color-rgba 0.23318189466599359 0.57016319344729005 0.59717314487632511 1)
    (color-rgba 0.38237972160733102 0.23318189466599359 0.59717314487632511 1)
    (color-rgba 0.50176678445229683 0.2054854450614168 0.2054854450614168 1)
    (color-rgba 0.86925795053003529 0.86925795053003529 0.86925795053003529 1)
    (color-rgba 0.056537102473498191 0 0 1)
    (color-rgba 0.78091872791519434 0.67307757025071513 0.67307757025071513 1)
    (color-rgba 0.19787985865724378 0.0065959952885747911 0.0065959952885747911 1)
    (color-rgba 0.48056537102473496 0.13272757866397442 0.13272757866397442 1)
    (color-rgba 0.77647058823529413 0.83921568627450982 0.70980392156862748 4.6613904761804465e-310)
    (color-rgba 0.77648602309315207 0.84008990928795058 0.70819619491049213 1)
    (color-rgba 0.2235523057078585 0.31789355382515855 0.12226057638275672 1)
    (color-rgba 0.40591925850362004 0.55799951834310024 0.24263466324155089 1))

# end of colorrc
